Date (CET)	Lower Silesia (DS)	Kuyavia-Pomerania (KP)	Lubusz (LB)	Łódź (LD)	Lublin (LU)	Lesser Poland (MA)	Masovia (MZ; Warsaw)	Opole (OP)	Podlaskie (PD)	Subcarpathian (PK)	Pomerania (PM)	Holy Cross (SK)	Silesia (SL)	Warmia–Masuria (WN)	Greater Poland (WP)	West Pomerania (ZP)	Poland daily	Poland total	Sources
4 March 2020			1														1	1	
5 March 2020																	0	1	
6 March 2020	1													1		2	4	5	
7 March 2020														1			1	6	
8 March 2020	1						2						2				5	11	
9 March 2020	1					1							3		1		6	17	
10 March 2020	1				1		1						2				5	22	
11 March 2020				1	1		1	1		1			1	2	1		9	31	
12 March 2020	3			1	4		2	1		2			3		3	1	20	51	
13 March 2020	1			3	1		5			3			1		1	2	17	68	
14 March 2020	5			10	8		5	2		1	2	2			1		36	104	
15 March 2020	2		1	4	2		6			1		1	2	1		1	21	125	
16 March 2020	12			12	1	1	13	2		3			4		4		52	177	
17 March 2020	11	8		11	4	3	3	2	1		6		6	2	2	2	61	238	
18 March 2020	2		1			1	28	1	1	3	1	1	6	4			49	287	
19 March 2020	13	3	6	6	3	1	16	1	-1	3		1	12	1	2	1	68	355	
20 March 2020	5	3		9	3	7	25		2	2	1	1	4	5	3		70	425	
21 March 2020	8	4		34	3	2	20		2	6	4	1	10	3	13	1	111	536	
22 March 2020	13		2	15	8	8	20	4	1	4	3		10	2	6	2	98	634	
23 March 2020	22	3	5	5	9	9	28	5	1	1	4	1	11	3	4	4	115	749	
24 March 2020	33	1	5	18	6	16	37	2		7	1		10	4	1	11	152	900	
25 March 2020	16	5	2	15	6	7	39	2	3	6		6	20	4	15	4	150	1051	
26 March 2020	15	4	7	14	14	13	40	3	3	10	6	1	20	6	12	2	170	1221	
27 March 2020	28	2	1	10	4	24	27	2	4	8	4	7	14	5	21	7	168	1389	
28 March 2020	21	4	2	14	9	19	103	3	9	10	4	5	24	2	9	11	249	1638	
29 March 2020	20	10		8	18	38	40	12	2	5	9	7	30	10	9	6	224	1862	
30 March 2020	24	25	3	12	9	24	26	11	8	4	3	3	14	1	24	2	193	2055	
31 March 2020	16	4	6	6	18	18	57	16		15	6	12	55	1	16	10	256	2311	
1 April 2020	52	8	5	13	1	17	68	5	11	9	6	6	8	3	21	10	243	2554	
2 April 2020	12	73	1	15	18	21	142	3	12	7	10	7	29	6	26	10	392	2946	
3 April 2020	62	42	2	12	7	32	54	12	15	14	12	17	130	8	18		437	3383	
4 April 2020	7	25	6	11	7	46			8	11	22	2	65	3	20	11	244	3627	
5 April 2020	61	17	3	67	9	19	159	4	9	13	13	12	41	2	40	6	475	4102	
6 April 2020	20	4	3	14	7	22	98	7	18	7	8	10	25	3	54	11	311	4413	
7 April 2020	39	19		18	11	22	182	6	18	12	10	17	39	4	22	16	435	4848	
8 April 2020	12	13	4	42	8	28	67	9	22	12	8	7	43	5	45	32	357	5205	
9 April 2020	29	3	3	32	5	34	110	9	19	14	10	2	51	3	37	9	370	5575	
10 April 2020	69	10	5	31	17	20	77	5	21	15	4	1	34	15	46	10	380	5955	
11 April 2020	23	23	2	29	3	33	128	13	6	11	6	6	52	1	58	7	401	6356	
12 April 2020	37	23	2	37	9	19	35	8	27	1	8	5	65	11	29	2	318	6674	
13 April 2020	12	9		22	6	13	24	20	16	4	4		33		85	10	258	6932	
14 April 2020	14	7	1	16	5	19	27	35	18	9		13	64		34	8	270	7202	
15 April 2020	41	7		5	25	24	77	13	3	9	4	16	45	3	102	6	380	7582	
16 April 2020	55	8	2	18	9	14	54	11	19	3	2	5	82	4	44	6	336	7918	
17 April 2020	74	20		17	11	21	37	24	13	5	4	18	145	10	51	7	457	8379	
18 April 2020	56	11		33	3	34	53	17	25	8	22	10	25		18	19	334	8742	
19 April 2020	95	8		20	15	16	56	5	5	4	2	7	140	3	122	17	515	9224	
20 April 2020	33	15	1	22	3	33	38	16	6	3	6	17	71	1	30	11	306	9530	
21 April 2020	41	17	2	13	14	28	29	6	5	4	4	11	54	2	31	2	263	9793	
22 April 2020	26	14	1	70	7	27	39	26	3	6	12	9	46		18	9	313	10 106	
23 April 2020	68	8		16	4	32	68	6	6	3	12	1	35		67	16	342	10 448	
24 April 2020	23	11		32	6	22	40	15	3	9	14	6	97	1	70	32	381	10 829	
25 April 2020	43	3		23	4	24	96	7	14	23	39	1	67		30	7	381	11 210	
26 April 2020	63	4	2	19	5	9	46	11	3	2	50	3	74		41	12	344	11 554	
27 April 2020	71	5		35	2	20	28	10	4	3	11	3	42		36	15	285	11 839	
28 April 2020	49	35		14	3	11	15	5	2	9	37	3	94		33	6	316	12 155	
29 April 2020	59	19		32	3	24	36	12		3	30	2	159		39	4	422	12 577	
30 April 2020	43	7		18	1	21	25	4	8	1	4	4	120	2	26	16	300	12 877	
1 May 2020	17	6		18	5	16		4		8	6		141		2	5	228	13 105	
2 May 2020	40	4		34	2	21	25	9	2	4	6	1	66		51	5	270	13 375	
3 May 2020	25	3	1	43	7	10	31	15	1	9	4	7	130		24	8	318	13 693	
4 May 2020	78		2	19		32	45	13		13		4	80	2	11	14	313	14 006	
5 May 2020	46	4		3	2	21	78	5	1	3	7	18	134	2	69	13	406	14 412	
6 May 2020	20			27	4	12	42	10	1		9		157		18	11	311	14 723	
7 May 2020	36	5	2	38	1	10	36	9	1	2	8	3	116	4	24	8	303	15 026	
8 May 2020	45	5		14	3	14	22	16	2	2	9	9	176	1	15	4	337	15 363	
9 May 2020	33	1		16	2	10	34	3			1	9	156	3	15	5	288	15 651	
10 May 2020	99	2		12	2	4	26	12	1	1	3	4	171	2	2	4	345	15 996	
11 May 2020	22	3		10	4	24	17	5			4		213		27	1	330	16 326	
12 May 2020	32			13	4	3	21	3	1		4	3	453	2	11	6	556	16 882	
13 May 2020	44			11	2	10	51	4			2	9	167	4	12	6	322	17 204	
14 May 2020	25	1		7	2	24	22	8	1	2	1		302	1	13	2	411	17 615	
15 May 2020	16	3		8	1	9	28	17	1		1	3	293	1	17	3	401	18 016	
16 May 2020	19	1		7		7	19	8		1	7	1	165		5	1	241	18 257	
17 May 2020	6			6	1	4	21	9	1		2		180		40	2	272	18 529	
18 May 2020	60			11	7	5	33	7	1			11	205		13	3	356	18 885	
19 May 2020	31	1		6		15	37	4	9		1	1	263	4	5	5	382	19 267	
20 May 2020	19	1		16	2	2	42	13	7		5	4	275		84	1	471	19 738	
21 May 2020	19	3	3	6	6	15	46	8		1	5	4	251		26	10	403	20 141	
22 May 2020	71	3	2	33	3	2	29	10	6	1	4	5	285		16	2	472	20 613	
23 May 2020	33	2	2	12	1	4	40	4	3	1	10	8	179	1	12	4	316	20 929	
24 May 2020	19	1	4	23	13	5	20	3	4	1	6	8	185		68	1	361	21 290	
25 May 2020	37	1	5	15	12		66	5	5		7	10	158		19	1	341	21 631	
26 May 2020	16		3	22	3	3	76	3	7		2	7	274	4	19	4	443	22 074	
27 May 2020	41	0		28	20	2	37	9	9		4	9	176		59	2	396	22 470	
28 May 2020	18		2	46	16	9	65	12	3	2	2	24	138		15		352	22 822	
29 May 2020	26		1	30	1	9	33	9	3	2	4	7	191		13	4	333	23 155	
30 May 2020	25		2	35		16	52	11	4			34	228		1	4	412	23 567	
31 May 2020	13			30	7	10	35	1	1	5	1	7	105		3	1	219	23 786	
1 June 2020	36		2	52	2	6	47	9	8		5	6	196		5		374	24 159	
2 June 2020	9	1	2	8		10	32	14	5		1	7	109		33	5	236	24 395	
3 June 2020	10	1	2	54	8	16	28	19	10	1		9	109		18	7	292	24 687	
4 June 2020	11	4		112	1	21	50	8	12		1	9	120		10	2	361	25 048	
5 June 2020	20	2	2	47	1	27	58	8	8		4	1	177	1	3	3	362	25 410	
6 June 2020	20			62	3	22	47	19	4	1	4	3	351		40		576	25 986	
7 June 2020	8		2	119	6	32	36	8	21	2	1		325		14	1	575	26 561	
8 June 2020	16	1		77	1	30	74	9	6	5		40	326	1	13		599	27 160	
9 June 2020	12	1	2	45	5	43	80	10	15	11	5	14	137		14	6	400	27 560	
10 June 2020	3	3		38	1	20	85	13	11	5	5	11	76		6	5	282	27 842	
11 June 2020	10	2		73	2	9	54	3	9	2		5	157	4	27	2	359	28 201	
12 June 2020	1	2	1	90	2	13	68	9	17	8	2	11	138		12	2	376	28 577	
13 June 2020	17	4	1	37	6	18	66	18	9	16	6	2	209		24	7	440	29 017	
14 June 2020		12	1	39	13	16	52	5	23	20	1	13	160	1	14	5	375	29 392	
15 June 2020			1	73	1	9	56	8	13	14		14	188		17	2	396	29 788	
16 June 2020	11	1		62	9	12	36	8	7	13	2	11	216	6	8	5	407	30 195	
17 June 2020	36	3	7	64	11	23	57	7	18	19	6	22	158	4	12	3	450	30 645	
18 June 2020	11	11		75	6	12	44	6	13	12	3	18	88	6	9		314	30 959	
19 June 2020	13	3		63	15	13	84	10	14	13	2	11	91	5	11	4	352	31 311	
20 June 2020	13	5	3	44	5	23	52	4	15	7	2	11	114	2	8	1	309	31 620	
21 June 2020	2	3	1	43	11	16	39	14	15	13	12	6	128		7	1	311	31 931	
22 June 2020	4		1	48	5	6	33		23	8	2	15	130	2	19		296	32 227	
23 June 2020	10			40	4	2	40	5	10	8	19	2	129	2	27	2	300	32 527	
24 June 2020	11	1		39	4	5	33	9	13	12	7	21	108	10	17	4	294	32 821	
25 June 2020	6	8	1	39	5	11	29	23	14	12	3	8	125	4	9	1	298	33 119	
26 June 2020	18		1	15	3	17	41	3	15	14	3	2	96	9	35	4	276	33 394	
27 June 2020	6	5	2	49	10	10	41	21	9	18	4	14	81		48	1	319	33 713	
28 June 2020	2	3		26	10	18	32	19	19	14	4	10	30	4	2		193	33 906	
29 June 2020	3			21	9	16	27	8	17	12	9	14	78	2	31		247	34 154	
30 June 2020	6	3	2	17		44	21	1	20	2	1	8	84	2	26	2	239	34 393	
1 July 2020	5	4		10	7	18	20	7	5	20		4	169	6	107		382	34 775	
2 July 2020	6	2		52	6	29	45	7	6	13	10	7	148	12	28		371	35 146	
3 July 2020	3	1		24	4	13	36	9	7	12	4	13	80	5	46	2	259	35 405	
4 July 2020	3			21	10	29	28	3	13	40	4	2	93	4	57	7	314	35 719	
5 July 2020		2		16	14	17	17	5	2	27	2	5	87	1	35	1	231	35 950	
6 July 2020	5	3	1	31	26	12	39	1	4	13	1	10	49	2	8		205	36 155	
7 July 2020	9	1		9	15	21	6	3	2	17	2	4	91	1	75	1	257	36 412	
8 July 2020	2	5		32	10	28	37	4	7	27	3	3	96		23		277	36 689	
9 July 2020	5	3	3	22	4	35	50	6	6	7		5	84	3	28	1	262	36 951	
10 July 2020	13	1	25	16	13	19	23	9	2	16	9	4	88	2	17	8	265	37 216	
11 July 2020	2	2	6	34	14	53	45	8	2	9	4		77	2	43	4	305	37 521	
12 July 2020	2		48	29	40	29	8	6	3	46	5	3	57		94		370	37 891	
13 July 2020	1		5	18	8	38	72	1		62	2	3	65	2	20	2	299	38 190	
14 July 2020	8	6	6	19	12	44	28	2	1	12	2	2	72		52	1	267	38 457	
15 July 2020	8	5	12	31	11	43	22	3	1	9		3	90	2	20	4	264	38 721	
16 July 2020	26	6	4	38	4	60	37	4		36	3	3	89		20	3	333	39 054	
17 July 2020	8		17	30	11	70	36	4	4	18	8	10	86	5	46		353	39 407	
18 July 2020	17	4	6	22	15	76	31	5	3	25	15		101	1	10	8	339	39 746	
19 July 2020	9	3	25	36	7	115	47	8		17	4	6	55	2	21	3	358	40 104	
20 July 2020	22	4	10	16		40	54	4	4	22	1	5	55	4	34	4	279	40 383	
21 July 2020	3		9	27	2	62	59	4	2	8	15	29	140	9	23	7	399	40 782	
22 July 2020	18	2	4	33	7	50	46	20	5	17	13	7	113	17	22	6	380	41 162	
23 July 2020	7	1	9	33	1	75	104	21	2	20	4	4	110	2	15	10	418	41 580	
24 July 2020	29	9	9	29	7	99	32	8	5	7	9	8	184	6	13	4	458	42 038	
25 July 2020	21	3	7	32	12	142	62	20	9	21	23	7	188	2	34	1	584	42 622	
26 July 2020	10	10	5	22	13	109	54	16	2	12	19	3	133	4	24	7	443	43 065	
27 July 2020	9	1	4	18	3	61	58	1	7	6	3	2	150		12	2	337	43 402	
28 July 2020	31	4	4	29		91	62	16	8	19	15	6	161	5	45	6	502	43 904	
29 July 2020	17	10	10	30	18	102	43	5	7	23	28	5	183	5	14	12	512	44 416	
30 July 2020	5	9	10	67	11	133	95	17	7	45	12	5	160	5	27	7	615	45 031	
31 July 2020	35	17	11	30	20	77	104	13	6	28	15	2	227	9	59	4	657	45 688	
1 August 2020	15	11	9	42	18	157	60	7	4	26	17	7	214	17	39	15	658	46 346	
2 August 2020	16	9	9	13	7	76	71	16	9	23	24	2	191	5	72	5	548	46 894	
3 August 2020	17	9	13	20	13	78	82	3	10	42	20	8	146	1	98	15	575	47 469	
4 August 2020	47	3	5	39	8	88	49	7	15	41	17	26	222	4	94	15	680	48 149	
5 August 2020	22	5	13	37	25	90	86	21	10	32	17	3	152	13	97	17	640	48 789	
6 August 2020	39	11	8	39	13	118	107	25	17	33	29	30	137	12	89	19	726	49 515	
7 August 2020	22	8	21	46	14	144	104	26	1	35	41	11	259	17	46	14	809	50 324	
8 August 2020	35	24	25	31	22	124	131	17	12	44	53	13	208	29	54	21	843	51 167	
9 August 2020	12	5	20	22	17	108	81	13	10	28	40	11	149	30	63	15	624	51 791	
10 August 2020	18	12	26	31	17	175	53	7	8	37	48	8	98	6	64	11	619	52 410	
11 August 2020	27	34	2	51	8	71	50	20	7	16	30	11	128	32	38	26	551	52 961	
12 August 2020	31	7	1	43	39	173	76	8	7	22	75	2	145	33	39	14	715	53 676	
13 August 2020	23	14	2	39	46	136	148	15	17	46	61	12	181	11	54	6	811	54 487	
14 August 2020	21	22	8	54	23	184	143	31	31	39	46	3	160	16	43	8	832	55 319	
15 August 2020	57	11	10	42	16	150	96	7	6	36	69	41	133	14	62	21	771	56 090	
16 August 2020	11	13	8	70		77	73	14	3	38	85	16	108	10	50	18	594	56 684	
17 August 2020	17	28	8	44	6	84	150	23	5	37	52	10	76	11	30	14	595	57 279	
18 August 2020	33	17	14	48	19	130	62	15	10	39	51	8	85	8	42	16	597	57 876	
19 August 2020	31	17	8	31	28	140	126	12	8	33	60	4	160	21	43	13	735	58 611	
20 August 2020	21	21	8	44	16	151	96	8	12	26	68	15	176	13	80	12	767	59 378	
21 August 2020	30	31	1	49	21	156	146	25	6	46	89	22	168	30	77	6	903	60 281	
22 August 2020	31	18	5	73	23	193	150	29	7	32	65	11	153	18	81	11	900	61 168	
23 August 2020	24	6	4	67	12	98	49	5	6	45	86	8	97	25	46	3	581	61 762	
24 August 2020	20	27		71	7	61	54	10	8	21	60	53	98	1	53	4	548	62 310	
25 August 2020	44	30	6	50	29	141	99	10	28	59	93	20	89	21	32	12	763	63 073	
26 August 2020	15	23	4	34	20	118	106	17	13	49	60	20	114	24	94	18	729	63 802	
27 August 2020	28	24	12	47	14	233	107	16	12	33	71	18	118	51	92	11	887	64 689	
28 August 2020	30	38	9	39	27	139	130	15	5	70	42	19	104	22	92	10	791	65 480	
29 August 2020	44	23	12	34	16	128	140	8	24	42	45	27	95	14	96	11	759	66 239	
30 August 2020	10	22	17	33	69	153	47	8	4	30	53	6	86	17	68	8	631	66 870	
31 August 2020	10	20	8	32	18	79	75	11	9	32	75	14	77	2	30	10	502	67 372	
1 September 2020	35	35	9	31	13	136	89	14	10	26	34	16	53	12	30	7	550	67 922	
2 September 2020	13	16	9	34	19	114	133	8	7	46	42	15	63	19	53	4	595	68 517	
3 September 2020	24	33	7	48	40	100	93	8	10	32	44	21	71	16	48	17	612	69 129	
4 September 2020	27	11	13	43	27	120	121	9	8	92	41	15	54	15	93	2	691	69 820	
5 September 2020	23	13	14	31	15	120	68	9	11	58	42	26	48	16	59	14	567	70 378	
6 September 2020	8	19	2	20	13	90	59	36	14	33	45	15	35	9	35	4	437	70 824	
7 September 2020	6	15	1	8	13	88	25	5	19	23	20	9	31	15	21	3	302	71 126	
8 September 2020	49	8	4	12	6	97	52	7	9	16	26	11	52	4	31	16	400	71 526	
9 September 2020	34	14	6	12	19	67	61	12	5	22	38	17	57	18	28	11	421	71 947	
10 September 2020	20	20	6	13	21	99	68	24	16	17	32	18	51	13	76	12	506	72 453	
11 September 2020	47	15	5	28	26	116	78	16	33	46	39	15	45	17	57	11	594	73 047	
12 September 2020	11	54	7	37	29	93	64	14	5	39	79	17	72	18	50	14	603	73 650	
13 September 2020	16	21	6	18	26	66	85	5	17	33	55	13	53	13	73	2	502	74 152	
14 September 2020	9	24	5	24	4	52	61	26	8	41	46	4	45	2	23	3	377	74 529	
15 September 2020	60	22	5	17	22	120	98	28	11	20	41	33	62	21	28	17	605	75 134	
16 September 2020	47	35	4	31	42	111	70	19	27	34	53	8	62	13	20	24	600	75 734	
17 September 2020	25	15	4	41	3	124	168	19	23	41	134	32	64	29	74	41	837	76 571	
18 September 2020	37	42	15	77	39	92	88	19	15	47	73	27	65	26	75	20	757	77 328	
19 September 2020	83	35	8	61	122	149	88	35	24	69	96	21	64	22	94	31	1 002	78 330	
20 September 2020	45	26	10	54	35	103	164	84	21	62	55	18	74	23	123	13	910	79 240	
21 September 2020	9	21	15	93	48	83	120	70	13	58	90	8	45	11	52	12	748	79 988	
22 September 2020	47	13	8	51	21	112	108	28	21	30	83	21	72	21	36	39	711	80 699	
23 September 2020	46	54	17	84	46	135	164	24	22	24	114	36	82	34	76	16	974	81 673	
24 September 2020	58	41	20	84	58	183	149	19	38	62	143	36	110	23	84	28	1 136	82 809	
25 September 2020	52	162	15	78	59	241	295	38	54	55	128	52	126	87	84	61	1 587	84 396	
26 September 2020	63	166	12	104	60	259	146	32	76	72	151	41	141	43	167	51	1 584	85 980	
27 September 2020	49	72	6	86	77	152	193	16	65	70	191	39	93	82	102	57	1 350	87 330	
28 September 2020	28	152	39	57	87	134	152	35	59	73	150	18	83	14	200	25	1 306	88 636	
29 September 2020	64	120	16	92	29	167	151	36	57	115	127	39	124	50	81	58	1 326	89 962	
30 September 2020	69	78	33	87	82	205	159	36	57	94	194	50	128	67	140	73	1 552	91 514	
1 October 2020	96	179	28	117	98	285	268	21	64	107	180	43	148	102	173	58	1 967	93 481	
2 October 2020	101	218	26	140	97	282	246	56	86	218	228	33	179	72	196	114	2 292	95 773	
3 October 2020	63	110	56	152	116	290	277	53	126	141	244	156	221	76	224	62	2 367	98 140	
4 October 2020	62	229	96	127	102	185	164	44	76	141	223	70	120	69	168	58	1 934	100 074	
5 October 2020	87	109	54	126	172	217	336	48	90	142	202	49	125	28	180	41	2 006	102 080	
6 October 2020	140	153	9	155	138	268	318	53	57	137	199	139	218	35	106	111	2 236	104 316	
7 October 2020	184	184	12	223	106	357	527	50	84	141	193	149	286	119	242	146	3 003	107 319	
8 October 2020	258	311	69	279	204	548	598	90	94	256	313	159	375	105	505	116	4 280	111 599	
9 October 2020	250	324	33	363	185	724	521	116	117	368	388	192	490	102	436	130	4 739	116 338	
10 October 2020	242	554	121	411	251	631	816	141	172	347	362	218	412	110	360	152	5 300	121 638	
11 October 2020	186	136	94	314	304	685	433	123	110	315	331	152	354	106	380	155	4 178	125 816	
12 October 2020	199	258	14	344	379	690	441	153	130	334	284	187	262	73	530	116	4 394	130 210	
13 October 2020	342	341	164	349	163	898	552	241	183	391	318	121	441	79	334	151	5 068	135 278	
14 October 2020	315	356	145	405	256	1137	1188	233	174	319	344	255	520	196	508	175	6 526	141 804	
15 October 2020	382	318	177	691	315	1303	1306	282	139	420	458	283	822	191	835	177	8 099	149 903	
16 October 2020	441	470	147	648	284	1105	911	221	201	563	547	314	769	181	592	311	7 705	157 608	
17 October 2020	524	470	157	821	429	1254	1485	283	149	704	563	396	765	224	1058	340	9 622	167 230	
18 October 2020	369	523	169	584	580	934	1342	312	139	721	427	211	974	210	724	317	8 536	175 766	
19 October 2020	406	473	93	679	526	1201	849	348	283	458	481	170	685	190	423	217	7 482	183 248	
20 October 2020	567	446	228	625	219	1486	1282	307	209	667	484	312	895	165	1186	213	9 291	192 539	
21 October 2020	462	771	283	675	658	1315	1162	362	268	881	548	259	1008	348	755	285	10 040	202 579	
22 October 2020	610	905	297	863	411	1331	1579	404	224	777	710	486	1168	311	1516	515	12 107	214 686	
23 October 2020	667	1207	449	800	743	1554	2075	401	226	852	741	639	1305	365	1050	558	13 632	228 318	
24 October 2020	645	777	379	1001	715	1482	2026	558	308	891	776	412	1262	344	1472	580	13 628	241 946	
25 October 2020	585	1150	312	818	700	1119	1850	381	212	912	499	405	1134	340	851	474	11 742	253 688	
26 October 2020	462	525	363	695	750	1144	1654	335	206	729	672	316	1002	370	458	560	10 241	263 929	
27 October 2020	917	1499	323	1421	400	1884	3529	385	426	742	643	434	1298	301	1577	521	16 300	280 229	
28 October 2020	1140	1215	380	1860	700	2165	2644	395	290	1039	901	536	1868	442	2885	360	18 820	299 049	
29 October 2020	857	1403	321	1794	1700	1927	2255	482	858	1306	953	599	1994	525	2633	549	20 156	319 205	
30 October 2020	999	1954	394	1554	1455	1914	3416	550	358	1274	1049	607	1761	594	3082	668	21 629	340 834	
31 October 2020	1229	1461	498	1700	1559	1707	3138	471	612	1404	1212	831	2274	737	2329	735	21 897	362 731	
1 November 2020	524	1734	401	1670	1768	1480	2380	461	644	1241	1020	262	1493	539	843	711	17 171	379 902	
2 November 2020	737	1379	295	1180	1043	1746	2218	355	543	1049	967	294	1362	582	1256	572	15 578	395 480	
3 November 2020	1964	551	286	1110	1290	2106	2959	445	316	929	1317	551	2407	565	2114	454	19 364	414 844	
4 November 2020	2324	1429	434	1766	1543	2245	2797	644	625	1280	1352	767	2165	622	3952	747	24 692	439 536	
5 November 2020	2451	1663	578	1713	805	2342	2932	714	902	1553	1141	950	3850	795	3888	866	27 143	466 679	
6 November 2020	2512	1952	497	1593	1542	2815	2951	739	580	1707	1451	1013	3942	826	2063	903	27 086	493 765	
7 November 2020	2045	1809	510	1549	1794	2450	2998	765	615	1946	1671	1231	4290	679	2451	1072	27 875	521 640	
8 November 2020	1799	1439	470	1576	1728	2806	2099	858	1053	1822	1335	429	4245	558	1845	723	24 785	546 425	
9 November 2020	1719	1018	543	1269	1201	2650	1630	591	497	1260	1122	344	4373	694	1983	819	21 713	568 138	
10 November 2020	2541	1108	650	1401	985	2697	1982	762	714	1236	1116	753	4276	649	3846	738	25 454	593 592	
11 November 2020	2661	792	791	1443	1449	2947	1976	910	662	1152	1321	500	4066	618	3081	852	25 221	618 813	
12 November 2020	1847	1083	688	1528	831	2132	1746	844	943	1276	1114	825	3911	915	2232	768	22 683	641 496	
13 November 2020	2823	1279	592	1557	526	2271	1410	802	402	1264	1421	920	3841	746	2866	1331	24 051	665 547	
14 November 2020	2794	955	760	1487	1563	2202	2419	799	695	1162	1328	1177	3453	990	2742	1045	25 571	691 118	
15 November 2020	2016	1723	419	1389	1248	1859	1642	604	725	926	1046	685	3576	820	2143	1033	21 854	712 972	
16 November 2020	1784	896	577	1083	1163	1295	2436	557	487	842	1037	787	3322	1040	2400	1110	20 816	733 788	
17 November 2020	2418	738	295	1096	1294	1724	2272	732	512	551	1325	624	2442	463	1475	1191	19 152	752 940	
18 November 2020	2091	854	586	1154	627	1608	3340	861	480	777	1313	870	2214	788	1174	1146	19 883	772 823	
19 November 2020	1808	940	641	1288	1108	1670	3041	682	517	1096	1499	945	4377	1025	2153	1185	23 975	796 798	
20 November 2020	1626	1431	562	1472	675	1999	2679	792	722	840	1551	860	2666	1055	2258	1276	22 464	819 262	
21 November 2020	1792	1257	645	1563	1600	2213	3086	703	927	872	1715	760	2263	1191	2525	1101	24 213	843 475	
22 November 2020	1005	1000	572	1136	900	1444	2607	563	865	703	1139	391	1611	890	2070	960	17 856	861 331	
23 November 2020	1035	931	406	906	795	1401	2295	493	455	540	959	364	694	864	1899	965	15 002	876 333	
24 November 2020	1035	521	267	563	670	486	1166	512	309	540	979	359	945	473	630	457	9 912	886 245	
24 November 2020																	22 821	909 066	
Infections per voivodeship  64 301	50 196	19 374	59 977	45 551	91 826	108 989	26 448	23 915	48 146	50 662	27 912	119 538	27 140	89 469	32 801	N/A	886 245	N/A